381.785, 500, 5, 500, 5, 500, 5
381.933, 507.28152, 5, 501.1411, 5, 508.02094, 5
382.081, 508.3661, 5, 500.48334, 5, 509.0813, 5
382.229, 516.2176, 5, 503.3845, 5, 518.08746, 5
382.377, 515.79803, 5, 506.49472, 5, 518.1692, 5
382.525, 515.50433, 5, 510.7669, 5, 521.1701, 5
382.821, 514.67664, 5, 519.9102, 5, 527.2415, 5
382.968, 511.85434, 5, 528.96747, 5, 536.31946, 5
383.117, 507.1955, 5, 530.4187, 5, 536.2897, 5
383.264, 503.01508, 5, 535.229, 5, 541.9202, 5
383.412, 510.9993, 5, 537.67285, 5, 545.5175, 5
383.560, 518.92694, 5, 535.61334, 5, 545.542, 5
383.708, 531.62164, 5, 537.0457, 5, 554.4901, 5
383.856, 539.4012, 5, 532.33026, 5, 554.5152, 5
384.004, 551.5394, 5, 524.6581, 5, 562.9438, 5
384.151, 556.8075, 5, 519.5852, 5, 563.7044, 5
384.521, 566.71655, 5, 513.4735, 5, 572.7007, 5
384.817, 564.80383, 5, 541.6563, 5, 581.8479, 5
384.965, 555.7353, 5, 553.28015, 5, 584.62885, 5
385.113, 550.8385, 5, 565.1119, 5, 591.2163, 5
385.260, 536.5767, 5, 571.7866, 5, 591.10376, 5
385.408, 524.0882, 5, 579.8424, 5, 591.7672, 5
385.556, 512.6208, 5, 581.63214, 5, 591.89764, 5
385.704, 520.3885, 5, 583.29425, 5, 591.97186, 5
385.852, 544.71185, 5, 582.626, 5, 592.439, 5
386.000, 561.4732, 5, 574.6566, 5, 592.9619, 5
386.148, 566.3239, 5, 570.4589, 5, 605.40356, 5
386.443, 589.905, 5, 544.82605, 5, 605.64667, 5
386.591, 597.42474, 5, 529.64465, 5, 598.5605, 5
386.739, 600.19, 5, 513.9181, 5, 600.0237, 5
386.887, 600.111, 5, 508.7666, 5, 600.9839, 5
387.035, 595.02155, 5, 532.43823, 5, 605.6742, 5
387.183, 588.0207, 5, 549.68164, 5, 605.81683, 5
387.331, 576.8454, 5, 564.1371, 5, 605.9118, 5
387.479, 562.798, 5, 575.7479, 5, 605.9527, 5
387.626, 546.11804, 5, 584.604, 5, 606.13086, 5
387.774, 527.6411, 5, 589.31354, 5, 605.94147, 5
388.070, 520.65063, 5, 590.34674, 5, 605.9065, 5
388.218, 540.62933, 5, 585.94135, 5, 605.6523, 5
388.366, 557.9502, 5, 578.38464, 5, 605.6706, 5
388.514, 573.1647, 5, 567.50507, 5, 605.57574, 5
388.662, 584.8947, 5, 553.859, 5, 605.6122, 5
388.809, 594.2074, 5, 537.3793, 5, 605.70605, 5
388.957, 599.14984, 5, 522.44946, 5, 599.33966, 5
389.105, 600.24304, 5, 506.00674, 5, 600.5023, 5
389.254, 597.9479, 5, 524.0288, 5, 605.94135, 5
389.401, 592.4135, 5, 541.9591, 5, 606.24817, 5
389.771, 563.4537, 5, 575.3599, 5, 606.1571, 5
389.918, 546.83685, 5, 584.51154, 5, 606.19586, 5
390.066, 528.1797, 5, 589.5027, 5, 606.1657, 5
390.214, 508.6648, 5, 591.09235, 5, 605.9718, 5
390.363, 518.3817, 5, 590.3309, 5, 605.84186, 5
390.510, 539.60944, 5, 586.2615, 5, 605.69, 5
390.658, 557.09125, 5, 578.631, 5, 605.4946, 5
390.806, 572.2134, 5, 567.9631, 5, 605.4575, 5
390.954, 584.8117, 5, 554.5541, 5, 605.58997, 5
391.101, 593.7014, 5, 538.63354, 5, 605.51953, 5
391.250, 599.0342, 5, 523.10614, 5, 599.3137, 5
391.397, 600.13885, 5, 506.8738, 5, 600.5269, 5
391.693, 592.6391, 5, 540.31146, 5, 605.81836, 5
391.842, 583.81934, 5, 556.19977, 5, 605.85144, 5
391.990, 571.32025, 5, 569.40784, 5, 605.9255, 5
392.137, 556.07654, 5, 579.87103, 5, 606.0081, 5
392.284, 538.4475, 5, 586.8642, 5, 606.1762, 5
392.432, 519.3934, 5, 590.36597, 5, 605.883, 5
392.581, 509.17038, 5, 590.8642, 5, 605.9041, 5
392.728, 529.10565, 5, 588.9334, 5, 605.7798, 5
392.876, 548.45306, 5, 583.1763, 5, 605.65704, 5
393.025, 564.4313, 5, 574.114, 5, 605.54755, 5
393.319, 589.11224, 5, 547.5142, 5, 605.59045, 5
393.468, 596.7798, 5, 531.2195, 5, 600.1221, 5
393.616, 600.0828, 5, 515.60846, 5, 599.99854, 5
393.764, 600.11847, 5, 511.85522, 5, 604.9884, 5
393.912, 596.1461, 5, 531.259, 5, 605.9498, 5
394.059, 589.3113, 5, 547.90393, 5, 606.2542, 5
394.208, 578.3745, 5, 563.1888, 5, 606.1662, 5
394.356, 564.67706, 5, 574.61145, 5, 606.19604, 5
394.503, 548.22046, 5, 584.00476, 5, 606.20123, 5
394.651, 529.61646, 5, 590.40936, 5, 606.1716, 5
394.872, 509.3301, 5, 591.1344, 5, 605.98004, 5
395.021, 527.9394, 5, 588.9431, 5, 605.6975, 5
395.316, 563.7887, 5, 574.4943, 5, 605.47125, 5
395.464, 577.7058, 5, 562.61633, 5, 605.4572, 5
395.613, 588.6971, 5, 547.5771, 5, 605.5592, 5
395.760, 596.51886, 5, 532.20825, 5, 600.6972, 5
395.908, 599.9245, 5, 516.3544, 5, 599.9054, 5
396.056, 600.1473, 5, 507.6709, 5, 600.72125, 5
396.204, 596.1101, 5, 529.3822, 5, 605.6194, 5
396.352, 589.401, 5, 547.16095, 5, 605.7961, 5
396.500, 578.8268, 5, 562.0875, 5, 605.8987, 5
396.648, 565.2367, 5, 574.18567, 5, 605.94183, 5
396.942, 530.69025, 5, 588.8172, 5, 605.9587, 5
397.091, 511.06628, 5, 590.8488, 5, 605.8393, 5
397.239, 515.7971, 5, 590.6995, 5, 605.9112, 5
397.387, 537.44226, 5, 586.8566, 5, 605.6193, 5
397.535, 555.4944, 5, 579.793, 5, 605.66254, 5
397.682, 570.8147, 5, 569.3679, 5, 605.5255, 5
397.831, 583.3583, 5, 556.14453, 5, 605.61224, 5
397.978, 592.8916, 5, 540.3157, 5, 605.56067, 5
398.126, 598.585, 5, 524.93555, 5, 599.083, 5
398.274, 600.156, 5, 508.6788, 5, 600.3908, 5
398.570, 593.47614, 5, 544.4457, 5, 605.7722, 5
398.718, 579.2583, 5, 555.97845, 5, 598.0035, 5
398.866, 567.8155, 5, 562.2235, 5, 597.7875, 5
399.014, 553.98615, 5, 571.24005, 5, 595.40906, 5
399.161, 533.3092, 5, 573.37024, 5, 588.6238, 5
399.309, 520.2105, 5, 573.0407, 5, 587.5034, 5
399.457, 505.73276, 5, 571.95807, 5, 579.0801, 5
399.605, 516.49457, 5, 568.1741, 5, 578.8175, 5
399.753, 533.2019, 5, 561.4328, 5, 575.21533, 5
399.901, 543.82935, 5, 552.6369, 5, 569.78687, 5
400.123, 551.13586, 5, 534.40454, 5, 560.87494, 5
400.270, 551.857, 5, 527.3846, 5, 560.68225, 5
400.566, 552.42413, 5, 506.4398, 5, 551.41943, 5
400.714, 548.89166, 5, 506.32187, 5, 550.6793, 5
400.862, 544.4147, 5, 512.04877, 5, 541.73773, 5
401.010, 539.1971, 5, 515.7987, 5, 542.1387, 5
401.158, 530.9961, 5, 522.15155, 5, 535.755, 5
401.306, 525.845, 5, 522.34265, 5, 533.525, 5
401.453, 520.8305, 5, 523.7738, 5, 531.799, 5
401.601, 514.9353, 5, 523.1496, 5, 521.9168, 5
401.749, 513.5847, 5, 520.74786, 5, 520.0301, 5
401.897, 510.9364, 5, 519.8715, 5, 517.70654, 5
402.193, 505.11133, 5, 516.1347, 5, 513.656, 5
402.341, 506.20456, 5, 511.88147, 5, 510.78534, 5
402.489, 505.48346, 5, 510.63843, 5, 509.7784, 5
402.636, 502.333, 5, 504.44254, 5, 504.2003, 5
402.784, 501.94556, 5, 503.63297, 5, 503.58307, 5
402.932, 500.77362, 5, 501.4463, 5, 501.50214, 5
403.080, 507.659, 5, 511.14246, 5, 513.581, 5
403.228, 527.7046, 5, 530.204, 5, 542.1432, 5
403.376, 567.7721, 5, 541.44275, 5, 574.1767, 5
403.524, 595.4633, 5, 539.7238, 5, 590.24225, 5
403.819, 645.2265, 5, 518.41223, 5, 627.38617, 5
403.967, 697.9878, 5, 566.29504, 5, 672.1095, 5
404.115, 736.77185, 5, 629.6191, 5, 716.4511, 5
404.263, 703.7073, 5, 675.2746, 5, 702.0466, 5
404.411, 645.722, 5, 705.17316, 5, 695.47314, 5
404.559, 601.288, 5, 721.3035, 5, 699.5269, 5
404.707, 546.49805, 5, 719.96906, 5, 690.8317, 5
404.854, 515.1289, 5, 724.75464, 5, 698.37225, 5
405.002, 564.57916, 5, 724.51996, 5, 702.5894, 5
405.150, 631.0147, 5, 714.6503, 5, 703.34064, 5
405.372, 679.21356, 5, 691.0261, 5, 712.93677, 5
405.520, 722.52496, 5, 669.5895, 5, 720.9212, 5
405.816, 796.68524, 5, 597.23804, 5, 739.93665, 5
405.964, 816.3984, 5, 555.0809, 5, 746.4699, 5
406.111, 824.4494, 5, 517.2297, 5, 751.1695, 5
406.259, 824.86523, 5, 566.8792, 5, 757.031, 5
406.407, 816.7646, 5, 612.8054, 5, 757.2858, 5
406.555, 873.8329, 5, 721.9715, 5, 832.207, 5
406.703, 875.80426, 5, 804.7313, 5, 854.7367, 5
406.851, 820.0125, 5, 855.4505, 5, 852.676, 5
406.999, 751.86597, 5, 885.57355, 5, 853.4209, 5
407.147, 687.3872, 5, 888.0388, 5, 843.1055, 5
407.442, 678.849, 5, 836.89453, 5, 825.68036, 5
407.590, 724.9736, 5, 828.76227, 5, 800.12335, 5
407.738, 586.8103, 5, 844.1903, 5, 788.2966, 5
407.886, 587.4335, 5, 842.115, 5, 790.42285, 5
408.034, 630.9853, 5, 823.5001, 5, 780.2787, 5
408.182, 710.5611, 5, 767.1837, 5, 767.811, 5
408.329, 749.0705, 5, 742.5256, 5, 770.19135, 5
408.477, 788.323, 5, 713.2611, 5, 774.6147, 5
408.625, 807.2485, 5, 685.4487, 5, 774.72095, 5
408.773, 829.23517, 5, 653.5785, 5, 776.83606, 5
409.069, 865.4288, 5, 581.6016, 5, 782.57666, 5
409.217, 875.156, 5, 546.96875, 5, 785.5586, 5
409.365, 880.6111, 5, 507.51764, 5, 788.33136, 5
409.512, 886.00964, 5, 546.591, 5, 794.3052, 5
409.660, 883.5444, 5, 586.7846, 5, 796.37695, 5
409.808, 877.3937, 5, 626.99585, 5, 801.0497, 5
409.956, 866.84045, 5, 660.2767, 5, 801.5881, 5
410.104, 850.1138, 5, 697.12683, 5, 803.58514, 5
410.252, 911.3757, 5, 579.0455, 5, 830.464, 5
410.400, 922.19385, 5, 730.9895, 5, 839.8889, 5
410.621, 854.4204, 5, 707.05334, 5, 835.9652, 5
410.769, 918.058, 5, 660.7206, 5, 851.3452, 5
411.065, 789.45966, 5, 834.82666, 5, 839.9423, 5
411.213, 805.14886, 5, 791.2193, 5, 841.0898, 5
411.361, 758.92426, 5, 823.99524, 5, 821.73016, 5
411.509, 766.7497, 5, 840.93536, 5, 845.8875, 5
411.657, 711.4347, 5, 836.0057, 5, 804.0624, 5
411.804, 692.5892, 5, 806.7871, 5, 800.8516, 5
411.952, 653.6039, 5, 807.79736, 5, 790.489, 5
412.100, 649.94055, 5, 803.30084, 5, 777.7982, 5
412.248, 683.5439, 5, 778.83575, 5, 768.1274, 5
412.396, 714.575, 5, 759.86053, 5, 765.0391, 5
412.692, 760.5574, 5, 714.9027, 5, 762.5199, 5
412.840, 782.5846, 5, 690.06476, 5, 762.6215, 5
412.987, 800.70337, 5, 663.8347, 5, 763.36346, 5
413.135, 813.9372, 5, 636.9551, 5, 763.02106, 5
413.283, 832.28955, 5, 607.75244, 5, 766.9651, 5
413.431, 849.982, 5, 581.0254, 5, 772.88574, 5
413.579, 860.91284, 5, 548.06635, 5, 776.8698, 5
413.727, 881.7555, 5, 515.5397, 5, 789.5643, 5
413.875, 895.3607, 5, 529.4609, 5, 799.5569, 5
414.023, 905.49756, 5, 567.61206, 5, 809.78253, 5
414.318, 930.0857, 5, 652.35815, 5, 839.66956, 5
414.466, 918.8269, 5, 681.4632, 5, 841.9559, 5
414.614, 929.3648, 5, 743.76447, 5, 873.761, 5
414.762, 914.3238, 5, 775.1978, 5, 873.53827, 5
414.910, 902.83044, 5, 815.2117, 5, 888.6827, 5
415.058, 894.1725, 5, 877.19824, 5, 919.45825, 5
415.206, 859.324, 5, 896.52704, 5, 911.30115, 5
415.353, 853.5195, 5, 933.0549, 5, 931.49335, 5
415.501, 802.46204, 5, 968.7812, 5, 926.95276, 5
415.723, 751.1652, 5, 995.81476, 5, 938.4117, 5
415.871, 807.175, 5, 779.88666, 5, 825.5732, 5
416.019, 825.6693, 5, 864.2348, 5, 882.4366, 5
416.315, 841.14844, 5, 860.6517, 5, 881.2102, 5
416.462, 825.28455, 5, 844.8244, 5, 865.54205, 5
416.610, 785.8474, 5, 805.195, 5, 826.44135, 5
416.758, 664.0955, 5, 853.1676, 5, 796.0602, 5
416.906, 554.66846, 5, 912.269, 5, 849.0237, 5
417.054, 584.74774, 5, 832.16943, 5, 814.0191, 5
417.202, 648.1982, 5, 805.11053, 5, 775.5906, 5
417.350, 686.2357, 5, 782.17004, 5, 769.95044, 5
417.498, 712.01117, 5, 759.3415, 5, 765.45105, 5
417.645, 727.6315, 5, 736.3087, 5, 761.91754, 5
417.941, 670.59503, 5, 653.1557, 5, 693.48895, 5
418.089, 672.951, 5, 652.0505, 5, 693.85187, 5
418.237, 683.4761, 5, 652.2526, 5, 699.33704, 5
418.385, 705.9372, 5, 650.98724, 5, 709.9368, 5
418.533, 740.2294, 5, 647.8036, 5, 725.6935, 5
418.681, 770.7965, 5, 636.4281, 5, 738.1016, 5
418.828, 807.371, 5, 617.00397, 5, 753.00824, 5
418.976, 841.6486, 5, 587.77783, 5, 768.4487, 5
419.124, 869.41907, 5, 533.7596, 5, 777.3475, 5
419.272, 881.5135, 5, 517.729, 5, 788.937, 5
419.568, 874.2032, 5, 582.2857, 5, 788.5724, 5
419.716, 855.7013, 5, 617.158, 5, 786.766, 5
419.863, 886.9869, 5, 668.1676, 5, 821.37335, 5
420.011, 942.29285, 5, 744.7965, 5, 881.6077, 5
420.159, 928.18195, 5, 779.32025, 5, 887.9676, 5
420.307, 917.62146, 5, 822.5926, 5, 901.81854, 5
420.455, 915.5822, 5, 877.3107, 5, 932.74164, 5
420.603, 890.47, 5, 908.69916, 5, 936.0677, 5
420.751, 865.79535, 5, 955.8853, 5, 950.1561, 5
420.973, 816.8066, 5, 979.03595, 5, 955.681, 5
421.120, 779.3791, 5, 988.34985, 5, 947.37067, 5
421.268, 739.86346, 5, 996.291, 5, 940.67883, 5
421.564, 654.32764, 5, 999, 5, 924.6464, 5
421.712, 607.1961, 5, 988.5408, 5, 908.31177, 5
421.860, 567.365, 5, 821.1277, 5, 780.7392, 5
422.008, 552.0922, 5, 751.16595, 5, 719.9139, 5
422.155, 550.1711, 5, 741.686, 5, 712.6637, 5
422.303, 546.3045, 5, 713.7643, 5, 690.7702, 5
422.451, 542.51416, 5, 683.4174, 5, 666.89166, 5
422.599, 540.3023, 5, 666.3375, 5, 653.29224, 5
422.747, 538.1377, 5, 660.91644, 5, 649.5352, 5
422.895, 538.66516, 5, 682.52985, 5, 666.8242, 5
423.191, 557.53204, 5, 766.9687, 5, 731.73773, 5
423.338, 574.30585, 5, 822.594, 5, 773.7532, 5
423.486, 583.75226, 5, 855.11255, 5, 798.2492, 5
423.634, 583.13135, 5, 851.77563, 5, 795.77747, 5
423.782, 638.67944, 5, 813.9821, 5, 767.2004, 5
423.930, 733.75525, 5, 750.87866, 5, 769.4227, 5
424.078, 766.8018, 5, 720.9507, 5, 766.0602, 5
424.226, 803.99713, 5, 689.9345, 5, 774.9749, 5
424.374, 829.14264, 5, 656.2118, 5, 775.93317, 5
424.521, 834.8827, 5, 620.6182, 5, 774.203, 5
424.817, 871.2077, 5, 557.9307, 5, 782.5775, 5
424.965, 877.3704, 5, 509.84937, 5, 779.61835, 5
425.113, 887.34344, 5, 542.50574, 5, 791.3371, 5
425.261, 896.2231, 5, 565.4027, 5, 806.968, 5
425.409, 906.74756, 5, 590.1634, 5, 817.7373, 5
425.557, 927.4092, 5, 618.46277, 5, 844.6603, 5
425.704, 941.2287, 5, 652.0982, 5, 865.2294, 5
425.852, 941.38513, 5, 680.93427, 5, 872.6355, 5
426.000, 948.8606, 5, 732.8367, 5, 896.97815, 5
426.222, 946.3074, 5, 752.52045, 5, 902.7122, 5
426.370, 937.14606, 5, 794.32635, 5, 909.6871, 5
426.518, 911.2935, 5, 817.6593, 5, 913.87726, 5
426.813, 881.819, 5, 867.35095, 5, 925.00336, 5
426.961, 820.036, 5, 817.4817, 5, 856.5719, 5
427.109, 605.8946, 5, 640.1775, 5, 649.7622, 5
427.257, 531.0819, 5, 536.67993, 5, 547.6906, 5
427.405, 530.5608, 5, 529.5263, 5, 541.43445, 5
427.553, 521.0062, 5, 516.20465, 5, 527.4897, 5
427.701, 516.9465, 5, 510.4901, 5, 521.782, 5
427.849, 516.7248, 5, 508.45853, 5, 519.9007, 5
427.996, 517.50336, 5, 508.93234, 5, 520.0981, 5
428.144, 519.26086, 5, 510.11087, 5, 522.34534, 5
428.440, 523.30316, 5, 512.7873, 5, 526.966, 5
428.588, 525.3245, 5, 514.1255, 5, 529.2765, 5
428.736, 527.34564, 5, 515.4637, 5, 531.5869, 5
428.884, 530.459, 5, 517.7525, 5, 535.1615, 5
429.032, 574.10583, 5, 561.98126, 5, 589.1785, 5
429.179, 649.62244, 5, 668.4767, 5, 691.565, 5
429.327, 791.7167, 5, 812.127, 5, 833.20166, 5
429.475, 844.24927, 5, 884.6437, 5, 884.5142, 5
429.623, 538.4543, 5, 796.84094, 5, 749.6494, 5
429.771, 504.9133, 5, 524.8317, 5, 527.3118, 5
430.067, 504.8496, 5, 523.01074, 5, 526.0743, 5
430.215, 505.9827, 5, 526.0444, 5, 529.2533, 5
430.362, 507.11533, 5, 529.0777, 5, 532.43225, 5
430.510, 508.24756, 5, 532.1109, 5, 535.61084, 5
430.658, 509.3797, 5, 535.1439, 5, 538.7895, 5
430.806, 510.51172, 5, 538.17694, 5, 541.968, 5
430.954, 544.4785, 5, 590.49335, 5, 596.32733, 5
431.102, 610.2013, 5, 642.54254, 5, 661.11584, 5
431.250, 736.6285, 5, 648.7892, 5, 723.0875, 5
431.471, 810.9282, 5, 621.362, 5, 754.9636, 5
431.619, 859.62366, 5, 586.77203, 5, 778.046, 5
431.767, 913.30835, 5, 516.3489, 5, 805.89185, 5
432.063, 982.1044, 5, 630.08484, 5, 870.02405, 5
432.211, 880.22314, 5, 635.5126, 5, 813.1401, 5
432.359, 851.71796, 5, 668.23474, 5, 794.7378, 5
432.507, 893.0873, 5, 757.1741, 5, 859.02545, 5
432.654, 944.0938, 5, 831.9938, 5, 915.4559, 5
432.802, 922.07556, 5, 875.56616, 5, 928.1657, 5
432.950, 891.6994, 5, 890.04376, 5, 935.81165, 5
433.098, 871.36316, 5, 917.3619, 5, 956.4367, 5
433.246, 858.8894, 5, 926.85394, 5, 959.3814, 5
433.395, 823.3777, 5, 944.39294, 5, 957.51337, 5
433.689, 741.15216, 5, 843.22046, 5, 842.6631, 5
433.837, 600.21014, 5, 773.9606, 5, 736.23724, 5
433.985, 527.8693, 5, 569.92004, 5, 574.36743, 5
434.134, 525.4461, 5, 557.2399, 5, 560.578, 5
434.281, 519.03815, 5, 535.3496, 5, 540.6394, 5
434.429, 512.4676, 5, 520.429, 5, 525.1972, 5
434.577, 511.85925, 5, 517.30615, 5, 524.87726, 5
434.725, 511.67148, 5, 512.08386, 5, 526.4491, 5
434.872, 511.483, 5, 506.8702, 5, 528.019, 5
435.021, 511.29462, 5, 501.6373, 5, 529.5888, 5
435.317, 510.91776, 5, 511.19287, 5, 532.7285, 5
435.465, 510.72934, 5, 516.4215, 5, 534.29834, 5
435.612, 510.5409, 5, 521.6302, 5, 535.8681, 5
435.760, 510.35245, 5, 526.8327, 5, 537.438, 5
435.909, 510.16403, 5, 532.0326, 5, 539.0077, 5
436.055, 511.69373, 5, 540.44464, 5, 544.13196, 5
436.204, 569.2932, 5, 613.7674, 5, 624.0442, 5
436.352, 720.031, 5, 649.84106, 5, 716.11066, 5
436.573, 813.0065, 5, 625.3347, 5, 755.9779, 5
436.722, 861.95056, 5, 579.2528, 5, 779.69366, 5
436.869, 904.9689, 5, 523.1662, 5, 802.11053, 5
437.017, 878.7505, 5, 563.5357, 5, 787.98627, 5
437.312, 911.4177, 5, 635.9108, 5, 853.25977, 5
437.460, 851.14496, 5, 677.273, 5, 797.0462, 5
437.609, 875.8057, 5, 757.3385, 5, 848.99554, 5
437.756, 944.50867, 5, 851.45874, 5, 926, 5
437.905, 896.48694, 5, 880.4659, 5, 933.75574, 5
438.052, 887.60474, 5, 893.71826, 5, 942.9365, 5
438.201, 896.12976, 5, 798.5527, 5, 872.39087, 5
438.348, 722.1195, 5, 790.92755, 5, 793.3412, 5
438.496, 571.1242, 5, 629.36816, 5, 631.2415, 5
438.644, 533.52997, 5, 565.4314, 5, 568.1498, 5
438.940, 513.21234, 5, 521.19946, 5, 526.5481, 5
439.088, 510.53894, 5, 514.8258, 5, 522.08167, 5
439.235, 510.18393, 5, 510.29962, 5, 523.3385, 5
439.383, 509.8199, 5, 505.74057, 5, 524.5827, 5
439.531, 509.4558, 5, 501.17212, 5, 525.82684, 5
439.678, 509.09177, 5, 505.33282, 5, 527.07104, 5
439.827, 508.7277, 5, 510.0574, 5, 528.31525, 5
439.975, 508.36362, 5, 514.6327, 5, 529.55945, 5
440.123, 507.9995, 5, 519.18896, 5, 530.80365, 5
440.271, 507.63547, 5, 523.7397, 5, 532.04785, 5
440.567, 546.50116, 5, 592.62115, 5, 598.5209, 5
440.714, 638.69226, 5, 645.132, 5, 675.296, 5
440.862, 694.56036, 5, 647.1311, 5, 703.3313, 5
441.010, 775.3634, 5, 610.74646, 5, 728.7791, 5
441.158, 801.3155, 5, 568.69366, 5, 738.1262, 5
441.306, 792.48706, 5, 519.07117, 5, 730.13965, 5
441.454, 774.37067, 5, 525.8392, 5, 717.7867, 5
441.602, 743.25494, 5, 536.2323, 5, 697.6533, 5
441.823, 730.51776, 5, 545.8579, 5, 689.9471, 5
441.971, 635.61053, 5, 539.32965, 5, 619.8228, 5
442.119, 572.99554, 5, 527.22705, 5, 570.3737, 5
442.267, 536.9648, 5, 517.32666, 5, 538.0793, 5
442.563, 517.67017, 5, 513.31067, 5, 523.7749, 5
442.711, 517.6075, 5, 515.3285, 5, 525.1862, 5
442.859, 517.54474, 5, 517.34595, 5, 526.59766, 5
443.006, 517.4822, 5, 519.3633, 5, 528.009, 5
443.154, 517.41943, 5, 521.3805, 5, 529.42035, 5
443.302, 517.3566, 5, 523.3976, 5, 530.83167, 5
443.450, 517.2941, 5, 525.4146, 5, 532.243, 5
443.598, 517.2314, 5, 527.4315, 5, 533.6543, 5
443.746, 517.16864, 5, 529.44836, 5, 535.0656, 5
443.894, 531.56226, 5, 594.72974, 5, 594.7726, 5
444.189, 576.5143, 5, 831.4327, 5, 780.57166, 5
444.337, 581.7303, 5, 848.4115, 5, 793.18494, 5
444.485, 668.48505, 5, 765.91174, 5, 765.39624, 5
444.633, 771.3539, 5, 729.9897, 5, 772.5554, 5
444.781, 799.3377, 5, 690.87366, 5, 771.1972, 5
444.929, 835.628, 5, 647.5007, 5, 778.4547, 5
445.077, 853.77637, 5, 614.7713, 5, 781.8845, 5
445.224, 855.33795, 5, 577.3412, 5, 778.08136, 5
445.372, 874.4752, 5, 543.3659, 5, 785.1194, 5
445.520, 901.4227, 5, 522.585, 5, 796.2687, 5
445.816, 897.26447, 5, 576.6835, 5, 811.3322, 5
445.964, 907.2087, 5, 600.0528, 5, 826.59076, 5
446.112, 905.9363, 5, 616.9872, 5, 835.54047, 5
446.260, 912.2242, 5, 637.3277, 5, 843.10406, 5
446.407, 927.58734, 5, 612.8205, 5, 866.399, 5
446.555, 942.7792, 5, 629.88403, 5, 885.5353, 5
446.703, 927.09937, 5, 657.46155, 5, 877.49896, 5
446.851, 939, 5, 702.63306, 5, 901.1792, 5
447.073, 932.36285, 5, 838.8517, 5, 915.3172, 5
447.221, 847.15314, 5, 806.0058, 5, 857.675, 5
447.369, 951.999, 5, 911.3461, 5, 960.2232, 5
447.516, 782.35046, 5, 789.1772, 5, 806.8142, 5
447.812, 513.51776, 5, 527.9904, 5, 531.5485, 5
447.960, 512.2592, 5, 518.95917, 5, 524.1592, 5
448.108, 511.5585, 5, 514.4423, 5, 522.8337, 5
448.256, 508.44565, 5, 509.74814, 5, 524.1267, 5
448.404, 505.34097, 5, 505.0519, 5, 525.417, 5
448.552, 502.2319, 5, 501.8256, 5, 526.70715, 5
448.699, 501.99524, 5, 506.37054, 5, 527.9973, 5
448.847, 505.3964, 5, 511.2343, 5, 529.2875, 5
448.995, 508.55005, 5, 515.95074, 5, 530.5776, 5
449.143, 511.6635, 5, 520.64734, 5, 531.8677, 5
449.439, 529.16785, 5, 576.84576, 5, 579.8654, 5
449.587, 529.9207, 5, 680.9158, 5, 666.19293, 5
449.735, 571.1315, 5, 828.87866, 5, 778.64465, 5
449.882, 582.62604, 5, 849.18304, 5, 793.8642, 5
450.030, 683.50195, 5, 759.92194, 5, 766.46136, 5
450.178, 775.8229, 5, 724.94244, 5, 769.9727, 5
450.326, 805.4402, 5, 682.2988, 5, 772.4702, 5
450.474, 836.78253, 5, 634.4777, 5, 776.59357, 5
450.622, 859.4232, 5, 602.6329, 5, 783.02344, 5
450.770, 857.7901, 5, 568.00793, 5, 778.1577, 5
451.065, 900.0877, 5, 528.9664, 5, 796.6695, 5
451.213, 887.7155, 5, 560.13434, 5, 800.8119, 5
451.361, 889.42126, 5, 578.98224, 5, 809.9986, 5
451.509, 895.0023, 5, 588.76086, 5, 828.3556, 5
451.657, 901.2632, 5, 589.2676, 5, 839.1709, 5
451.805, 907.07635, 5, 590.6044, 5, 846.1754, 5
451.953, 931.7859, 5, 624.63153, 5, 875.13684, 5
452.174, 938.911, 5, 653.699, 5, 885.1812, 5
452.322, 930.25665, 5, 750.1013, 5, 891.7826, 5
452.470, 933.303, 5, 806.2371, 5, 916.5706, 5
452.618, 927.465, 5, 839.4915, 5, 920.61084, 5
452.766, 999, 5, 760.1054, 5, 908.4148, 5
453.062, 776.68884, 5, 928.9271, 5, 902.0437, 5
453.210, 800.0614, 5, 832.52527, 5, 876.143, 5
453.357, 520.0208, 5, 597.03094, 5, 589.19604, 5
453.505, 509.09616, 5, 532.9227, 5, 534.2402, 5
453.653, 510.6742, 5, 524.9227, 5, 527.18475, 5
453.801, 507.98755, 5, 516.9286, 5, 526.9299, 5
453.949, 504.70944, 5, 510.62125, 5, 528.82056, 5
454.097, 501.4281, 5, 504.29605, 5, 530.70935, 5
454.245, 503.0595, 5, 504.10065, 5, 532.5982, 5
454.393, 506.64368, 5, 511.22745, 5, 534.48706, 5
454.688, 513.2277, 5, 523.9557, 5, 538.2646, 5
454.836, 516.5024, 5, 530.2697, 5, 540.15326, 5
454.984, 523.4827, 5, 554.0639, 5, 558.6207, 5
455.132, 531.6359, 5, 663.406, 5, 653.0318, 5
455.280, 568.5469, 5, 804.5844, 5, 760.35785, 5
455.428, 581.011, 5, 846.2736, 5, 791.58594, 5
455.576, 688.0777, 5, 787.1098, 5, 769.066, 5
455.723, 776.924, 5, 726.12103, 5, 770.42737, 5
455.871, 809.2297, 5, 681.6514, 5, 777.5464, 5
456.019, 836.5542, 5, 636.63684, 5, 775.5976, 5
456.315, 858.4262, 5, 565.55206, 5, 778.2602, 5
456.463, 884.31976, 5, 534.75854, 5, 791.38824, 5
456.611, 896.16095, 5, 536.77924, 5, 795.04407, 5
456.758, 890.3172, 5, 563.94995, 5, 801.49066, 5
456.906, 892.7739, 5, 577.5369, 5, 808.0656, 5
457.054, 895.298, 5, 596.69666, 5, 821.87494, 5
457.202, 913.03076, 5, 585.15295, 5, 852.4199, 5
457.424, 924.13885, 5, 593.06616, 5, 864.54736, 5
457.572, 924.8982, 5, 623.16644, 5, 868.20966, 5
457.720, 927.032, 5, 713.1594, 5, 881.588, 5
457.868, 939.1547, 5, 752.953, 5, 902.8147, 5
458.015, 931.2165, 5, 799.0237, 5, 914.0914, 5
458.311, 908.6611, 5, 880.1752, 5, 931.1922, 5
458.459, 864.72504, 5, 875.3978, 5, 906.40765, 5
458.607, 953.633, 5, 851.0319, 5, 999, 5
458.755, 784.10364, 5, 981.7771, 5, 944.3731, 5
458.903, 681.30115, 5, 869.4866, 5, 830.8746, 5
459.050, 719.9596, 5, 932.3667, 5, 912.06116, 5
459.198, 519.7491, 5, 708.5154, 5, 679.2311, 5
459.346, 500.47943, 5, 524.0849, 5, 527.3788, 5
459.494, 502.70676, 5, 519.7095, 5, 521.80524, 5
459.642, 501.62302, 5, 513.84216, 5, 523.6107, 5
459.938, 505.10214, 5, 502.70682, 5, 530.19305, 5
460.086, 507.8658, 5, 509.50903, 5, 533.4838, 5
460.233, 510.6051, 5, 516.46423, 5, 536.77454, 5
460.381, 513.33887, 5, 523.26636, 5, 540.065, 5
460.529, 516.07056, 5, 530.0456, 5, 543.35535, 5
460.677, 518.8013, 5, 536.8175, 5, 546.6456, 5
460.825, 521.53156, 5, 543.5862, 5, 549.93604, 5
460.973, 529.375, 5, 638.3532, 5, 632.82886, 5
461.121, 560.6297, 5, 777.4092, 5, 739.8417, 5
461.269, 580.9067, 5, 843.9655, 5, 789.9513, 5
461.564, 760.2988, 5, 738.4782, 5, 768.9756, 5
461.712, 801.555, 5, 694.2629, 5, 773.238, 5
461.860, 821.7314, 5, 646.8346, 5, 769.17285, 5
462.008, 857.0105, 5, 615.02216, 5, 782.44495, 5
462.156, 845.3205, 5, 583.665, 5, 772.6591, 5
462.304, 801.5057, 5, 548.5287, 5, 737.6196, 5
462.452, 823.42975, 5, 533.1892, 5, 750.4969, 5
462.673, 836.87915, 5, 507.2705, 5, 759.1145, 5
462.821, 852.2815, 5, 529.5462, 5, 770.60693, 5
462.969, 952.24884, 5, 603.6909, 5, 845.24664, 5
463.117, 938.0047, 5, 629.06915, 5, 853.42596, 5
463.265, 943.20807, 5, 656.0378, 5, 866.6827, 5
463.561, 944.822, 5, 697.85876, 5, 883.11743, 5
463.708, 941.2045, 5, 740.5331, 5, 897.7978, 5
463.856, 935.6849, 5, 766.65063, 5, 898.7254, 5
464.004, 929.8317, 5, 809.27594, 5, 920.44666, 5
464.152, 920.29456, 5, 851.5023, 5, 927.73505, 5
464.300, 901.56903, 5, 879.9507, 5, 933.4262, 5
464.448, 880.32837, 5, 896.4943, 5, 939.5429, 5
464.596, 700.5475, 5, 737.14294, 5, 741.8649, 5
464.744, 676.5722, 5, 686.77124, 5, 711.2998, 5
464.891, 654.72, 5, 658.31836, 5, 684.32965, 5
465.187, 727.90155, 5, 748.13525, 5, 769.6686, 5
465.335, 781.69165, 5, 802.0802, 5, 823.0764, 5
465.483, 514.8477, 5, 622.7608, 5, 609.4104, 5
465.631, 501.8503, 5, 533.652, 5, 536.1366, 5
465.779, 500.5623, 5, 527.84766, 5, 534.2745, 5
465.927, 501.24338, 5, 522.04193, 5, 532.41223, 5
466.074, 502.59717, 5, 516.23346, 5, 530.5499, 5
466.222, 503.88745, 5, 510.41818, 5, 528.6877, 5
466.370, 505.1711, 5, 504.58298, 5, 526.8255, 5
466.518, 506.45288, 5, 503.47375, 5, 524.9632, 5
466.814, 509.10913, 5, 515.6757, 5, 521.23883, 5
466.962, 533.2703, 5, 540.588, 5, 553.26697, 5
467.110, 579.91223, 5, 573.596, 5, 600.5668, 5
467.257, 654.7426, 5, 611.29034, 5, 664.1685, 5
467.405, 717.4425, 5, 617.7918, 5, 693.03815, 5
467.553, 775.6696, 5, 574.28314, 5, 723.82184, 5
467.701, 838.4012, 5, 542.48724, 5, 760.18274, 5
467.923, 889.26404, 5, 553.33276, 5, 805.636, 5
468.071, 877.7022, 5, 605.65137, 5, 807.05743, 5
468.219, 929.13794, 5, 640.35724, 5, 854.1573, 5
468.366, 625.9335, 5, 576.7308, 5, 615.92804, 5
468.515, 537.37524, 5, 523.7801, 5, 542.96497, 5
468.810, 517.5856, 5, 508.76816, 5, 520.78394, 5
468.958, 517.59216, 5, 508.7608, 5, 521.09357, 5
469.106, 517.8361, 5, 505.78732, 5, 522.7302, 5
469.254, 518.0801, 5, 501.5547, 5, 524.36835, 5
469.402, 518.3241, 5, 504.293, 5, 526.0069, 5
469.549, 518.5681, 5, 508.86487, 5, 527.64545, 5
469.697, 518.81213, 5, 513.1256, 5, 529.284, 5
469.845, 519.0561, 5, 517.3573, 5, 530.92255, 5
469.993, 519.3001, 5, 521.58154, 5, 532.561, 5
470.141, 519.5441, 5, 525.803, 5, 534.19946, 5
470.437, 643.08307, 5, 588.71686, 5, 636.1007, 5
470.584, 581.6591, 5, 508.15454, 5, 570.67096, 5
470.732, 531.11273, 5, 509.05804, 5, 532.3835, 5
470.880, 515.80664, 5, 506.71475, 5, 522.40454, 5
471.028, 512.4485, 5, 503.02182, 5, 523.7904, 5
471.176, 509.0886, 5, 502.0241, 5, 525.17615, 5
471.324, 505.72458, 5, 506.0299, 5, 526.5621, 5
471.472, 502.34836, 5, 509.75635, 5, 527.9479, 5
471.620, 502.3121, 5, 513.44556, 5, 529.3337, 5
471.767, 505.92712, 5, 517.12683, 5, 530.71954, 5
472.063, 512.6845, 5, 524.48224, 5, 533.4912, 5
472.211, 516.0454, 5, 528.15845, 5, 534.87695, 5
472.359, 528.3428, 5, 632.3306, 5, 627.7878, 5
472.507, 558.38654, 5, 769.32745, 5, 733.7749, 5
472.655, 533.0692, 5, 698.3717, 5, 678.3843, 5
472.803, 500, 5, 500, 5, 500, 5
472.804, 500, 5, 500, 5, 500, 5
