150.135, 500, 5, 500, 5, 500, 5
150.283, 500.5055, 5, 500.0807, 5, 500.5511, 5
150.431, 508.63428, 5, 500.50577, 5, 509.27826, 5
150.579, 510.08014, 5, 501.33636, 5, 510.93182, 5
150.727, 516.33154, 5, 505.10828, 5, 518.56396, 5
150.875, 514.84296, 5, 507.9019, 5, 518.5651, 5
151.023, 519.15125, 5, 515.5488, 5, 527.9325, 5
151.171, 515.18866, 5, 518.6637, 5, 527.8356, 5
151.318, 512.2579, 5, 524.3141, 5, 532.3022, 5
151.614, 500.72214, 5, 530.61676, 5, 537.1157, 5
151.762, 507.5583, 5, 537.68066, 5, 546.4548, 5
151.910, 515.7539, 5, 535.6166, 5, 546.519, 5
152.058, 527.14594, 5, 537.0579, 5, 553.7319, 5
152.206, 536.8663, 5, 532.3542, 5, 555.7039, 5
152.354, 543.8994, 5, 524.67865, 5, 555.4688, 5
152.501, 556.5389, 5, 519.67145, 5, 565.09375, 5
152.649, 560.078, 5, 508.67905, 5, 564.92804, 5
152.871, 569.0001, 5, 508.75732, 5, 574.2763, 5
153.019, 565.70154, 5, 520.78455, 5, 574.3366, 5
153.167, 566.99304, 5, 536.0075, 5, 583.4389, 5
153.315, 557.63666, 5, 547.15344, 5, 583.52875, 5
153.610, 537.87885, 5, 568.7584, 5, 593.09033, 5
153.758, 524.96783, 5, 575.8511, 5, 593.1823, 5
153.906, 513.16644, 5, 581.31, 5, 593.9015, 5
154.054, 511.7066, 5, 581.4782, 5, 591.2602, 5
154.202, 537.6389, 5, 582.62665, 5, 594.4087, 5
154.350, 554.8696, 5, 574.6705, 5, 594.98914, 5
154.498, 563.6335, 5, 570.46484, 5, 604.5021, 5
154.646, 575.8482, 5, 560.6055, 5, 607.765, 5
154.793, 588.70886, 5, 544.9093, 5, 607.95044, 5
154.941, 597.6365, 5, 529.74524, 5, 600.3698, 5
155.237, 603.4856, 5, 502.38477, 5, 602.6762, 5
155.385, 598.2342, 5, 524.49567, 5, 607.7817, 5
155.533, 591, 5, 541.9077, 5, 608.1242, 5
155.681, 579.4662, 5, 557.4232, 5, 608.1777, 5
155.829, 564.969, 5, 570.3569, 5, 608.24347, 5
155.976, 547.76825, 5, 580.6328, 5, 608.36633, 5
156.124, 528.74054, 5, 587.25946, 5, 608.2515, 5
156.272, 508.4602, 5, 590.4836, 5, 608.1414, 5
156.420, 512.6367, 5, 590.3472, 5, 608.21576, 5
156.568, 532.259, 5, 585.9472, 5, 607.89923, 5
156.864, 567.9306, 5, 567.5387, 5, 607.7707, 5
157.012, 582.4448, 5, 553.9199, 5, 607.9151, 5
157.159, 593.06946, 5, 537.48975, 5, 608.0218, 5
157.307, 600.5142, 5, 522.606, 5, 600.65845, 5
157.455, 603.62244, 5, 506.3466, 5, 602.30334, 5
157.603, 601.2526, 5, 515.94025, 5, 608.1596, 5
157.751, 595.5379, 5, 532.9272, 5, 608.03613, 5
157.899, 586.1905, 5, 549.23236, 5, 608.1128, 5
158.121, 565.6347, 5, 570.3656, 5, 608.47186, 5
158.268, 548.4882, 5, 580.25726, 5, 608.3334, 5
158.416, 529.2489, 5, 587.5465, 5, 608.4807, 5
158.564, 509.1186, 5, 590.57666, 5, 608.2257, 5
158.860, 531.7665, 5, 586.2648, 5, 607.9946, 5
159.008, 550.462, 5, 578.6432, 5, 607.7949, 5
159.156, 567.30884, 5, 567.9888, 5, 607.7556, 5
159.304, 581.399, 5, 554.601, 5, 607.75604, 5
159.451, 592.34845, 5, 538.7102, 5, 607.8204, 5
159.599, 600.2559, 5, 523.21674, 5, 600.5598, 5
159.747, 603.43567, 5, 507.04538, 5, 602.19025, 5
159.895, 602.42883, 5, 509.4791, 5, 602.9482, 5
160.043, 595.7679, 5, 532.20526, 5, 607.96387, 5
160.191, 586.66284, 5, 548.62256, 5, 608.1015, 5
160.487, 558.03253, 5, 575.0152, 5, 608.2546, 5
160.634, 539.8585, 5, 584.1974, 5, 608.4915, 5
160.782, 520.25494, 5, 589.06836, 5, 608.1918, 5
160.930, 500.39133, 5, 590.8642, 5, 608.15234, 5
161.078, 521.0362, 5, 588.9353, 5, 608.08636, 5
161.226, 540.69214, 5, 583.18475, 5, 607.9307, 5
161.374, 558.7963, 5, 574.1357, 5, 607.84894, 5
161.522, 574.4963, 5, 562.08624, 5, 607.85095, 5
161.669, 587.00574, 5, 547.5894, 5, 607.8265, 5
161.817, 596.71405, 5, 531.3245, 5, 602.3202, 5
162.113, 603.4939, 5, 500.64407, 5, 602.6376, 5
162.261, 599.39154, 5, 523.51044, 5, 608.2605, 5
162.409, 592.33514, 5, 540.84845, 5, 608.57117, 5
162.557, 581.0477, 5, 555.7612, 5, 608.1667, 5
162.705, 566.91583, 5, 569.5652, 5, 608.51166, 5
162.852, 549.95087, 5, 579.5278, 5, 608.2929, 5
163.000, 530.80945, 5, 587.1685, 5, 608.4867, 5
163.222, 500.13605, 5, 591.1348, 5, 608.29095, 5
163.370, 519.94977, 5, 588.94403, 5, 608.0022, 5
163.518, 540.0035, 5, 583.5315, 5, 607.94824, 5
163.666, 557.8622, 5, 574.5107, 5, 607.77106, 5
163.814, 573.61536, 5, 562.6484, 5, 607.7563, 5
164.109, 596.1404, 5, 532.2898, 5, 602.90283, 5
164.257, 602.0813, 5, 516.4787, 5, 601.34515, 5
164.405, 603.52325, 5, 500.0663, 5, 602.63983, 5
164.553, 599.355, 5, 520.65265, 5, 606.7195, 5
164.701, 592.4236, 5, 539.3432, 5, 608.1024, 5
164.849, 581.50854, 5, 555.15295, 5, 608.15045, 5
164.997, 567.4807, 5, 568.5566, 5, 608.23193, 5
165.144, 550.67914, 5, 579.16486, 5, 608.2741, 5
165.292, 531.85583, 5, 586.4999, 5, 608.26917, 5
165.440, 511.67612, 5, 590.26135, 5, 608.14716, 5
165.736, 529.16016, 5, 586.8608, 5, 607.9225, 5
165.884, 548.9025, 5, 579.8053, 5, 607.9665, 5
166.032, 565.4615, 5, 569.3957, 5, 607.7608, 5
166.180, 580.4427, 5, 556.19586, 5, 607.91516, 5
166.327, 591.32196, 5, 540.4111, 5, 607.86365, 5
166.475, 599.5924, 5, 525.05133, 5, 600.32294, 5
166.623, 603.2929, 5, 508.92178, 5, 602.0541, 5
166.771, 601.9802, 5, 511.45297, 5, 606.39246, 5
166.919, 596.64264, 5, 530.3737, 5, 608.08624, 5
167.067, 581.9587, 5, 551.76855, 5, 599.1316, 5
167.215, 570.1385, 5, 559.2281, 5, 599.9198, 5
167.363, 555.9198, 5, 564.42847, 5, 597.50134, 5
167.510, 534.5177, 5, 573.1855, 5, 590.5562, 5
167.658, 521.0281, 5, 573.04095, 5, 589.4128, 5
167.806, 501.61252, 5, 571.9587, 5, 580.31476, 5
167.954, 512.16986, 5, 568.1803, 5, 580.5365, 5
168.102, 523.74866, 5, 561.45465, 5, 576.8727, 5
168.250, 537.87415, 5, 552.65326, 5, 571.30865, 5
168.472, 552.0217, 5, 534.4717, 5, 562.03906, 5
168.619, 553.4153, 5, 527.4081, 5, 562.0055, 5
168.767, 553.729, 5, 518.7647, 5, 560.6436, 5
168.915, 554.1913, 5, 506.53802, 5, 551.56146, 5
169.063, 550.54407, 5, 500.04486, 5, 551.7854, 5
169.359, 540.5294, 5, 514.4965, 5, 543.058, 5
169.508, 532.07916, 5, 520.6814, 5, 536.5672, 5
169.655, 526.7298, 5, 522.3445, 5, 534.258, 5
169.802, 521.5501, 5, 521.95557, 5, 532.49426, 5
169.950, 515.461, 5, 523.1523, 5, 522.43616, 5
170.098, 514.04504, 5, 520.75244, 5, 520.47003, 5
170.246, 511.3168, 5, 518.2944, 5, 518.0983, 5
170.394, 501.13052, 5, 518.93353, 5, 515.94556, 5
170.542, 500.56076, 5, 516.14606, 5, 513.9605, 5
170.690, 506.4361, 5, 511.88675, 5, 511.02338, 5
170.985, 502.46014, 5, 504.53772, 5, 504.37894, 5
171.133, 502.01297, 5, 503.63644, 5, 503.66348, 5
171.281, 500.82578, 5, 501.49246, 5, 501.5819, 5
171.429, 503.0015, 5, 504.22424, 5, 505.26102, 5
171.577, 515.60284, 5, 521.8352, 5, 528.92255, 5
171.725, 552.7685, 5, 539.79, 5, 563.3141, 5
171.873, 594.6127, 5, 539.7524, 5, 591.9507, 5
172.021, 614.1148, 5, 520.3256, 5, 601.4087, 5
172.168, 631.5946, 5, 502.91763, 5, 613.22156, 5
172.316, 665.0457, 5, 537.87683, 5, 642.4991, 5
172.464, 745.0984, 5, 606.7171, 5, 713.71875, 5
172.613, 710.95264, 5, 637.23474, 5, 706.5121, 5
172.761, 650.8041, 5, 694.7239, 5, 699.7402, 5
172.908, 605.0683, 5, 721.3546, 5, 703.8937, 5
173.056, 548.5937, 5, 719.9757, 5, 692.90466, 5
173.203, 510.4873, 5, 719.3481, 5, 698.4376, 5
173.351, 541.9575, 5, 724.51984, 5, 704.4735, 5
173.500, 587.11743, 5, 714.66846, 5, 704.83997, 5
173.721, 662.69446, 5, 691.047, 5, 713.1595, 5
173.870, 706.6093, 5, 669.63055, 5, 720.77905, 5
174.018, 753.22174, 5, 637.3832, 5, 730.86304, 5
174.166, 789.5812, 5, 597.42926, 5, 739.25104, 5
174.314, 814.49097, 5, 555.3658, 5, 746.4028, 5
174.608, 835.8188, 5, 541.92664, 5, 758.6536, 5
174.756, 827.45123, 5, 597.76587, 5, 762.89703, 5
174.904, 863.49207, 5, 672.06885, 5, 807.1534, 5
175.052, 888.49304, 5, 767.7659, 5, 856.74646, 5
175.201, 830.98627, 5, 835.84094, 5, 860.36804, 5
175.348, 760.60895, 5, 864.8878, 5, 855.07794, 5
175.497, 694.0934, 5, 888.0488, 5, 850.6052, 5
175.644, 685.0417, 5, 851.62836, 5, 850.2313, 5
175.792, 685.8235, 5, 815.73987, 5, 832.8307, 5
175.940, 535.7377, 5, 828.7785, 5, 781.1987, 5
176.236, 568.5944, 5, 841.9201, 5, 793.76874, 5
176.383, 607.478, 5, 823.5675, 5, 786.41406, 5
176.531, 693.9125, 5, 767.3952, 5, 772.17615, 5
176.679, 738.7085, 5, 742.5642, 5, 774.78754, 5
176.827, 779.7095, 5, 713.3354, 5, 778.66327, 5
176.975, 807.6488, 5, 685.49805, 5, 780.54816, 5
177.123, 833.03516, 5, 653.7189, 5, 782.8736, 5
177.271, 846.7604, 5, 619.60565, 5, 780.4935, 5
177.419, 870.2048, 5, 581.82605, 5, 786.72473, 5
177.567, 882.96826, 5, 547.3135, 5, 790.09863, 5
177.714, 893.1309, 5, 506.7176, 5, 794.4291, 5
177.861, 896.721, 5, 532.515, 5, 797.83673, 5
178.009, 896.4737, 5, 567.93024, 5, 801.4757, 5
178.158, 890.11633, 5, 603.733, 5, 803.75653, 5
178.306, 879.21576, 5, 642.0709, 5, 806.6652, 5
178.454, 861.933, 5, 679.0537, 5, 808.6096, 5
178.602, 894.16064, 5, 582.35474, 5, 825.3202, 5
178.749, 810.03577, 5, 753.201, 5, 816.85913, 5
178.970, 866.7522, 5, 681.94183, 5, 842.72424, 5
179.119, 932.8566, 5, 639.8731, 5, 859.03326, 5
179.267, 890.58453, 5, 691.26044, 5, 856.9264, 5
179.414, 799.73987, 5, 764.6464, 5, 847.3717, 5
179.564, 818.8078, 5, 776.61035, 5, 848.60834, 5
179.859, 775.92346, 5, 810.5457, 5, 853.5337, 5
180.007, 578.7028, 5, 836.0579, 5, 809.5766, 5
180.154, 700.85645, 5, 803.51025, 5, 807.41364, 5
180.302, 658.9395, 5, 807.79736, 5, 796.8302, 5
180.450, 559.67786, 5, 803.3035, 5, 783.8625, 5
180.598, 678.7389, 5, 778.85895, 5, 773.97754, 5
180.746, 703.96246, 5, 759.87964, 5, 770.819, 5
180.894, 729.8832, 5, 739.07806, 5, 768.9528, 5
181.042, 755.5442, 5, 714.9334, 5, 767.591, 5
181.190, 779.2588, 5, 690.11566, 5, 767.46625, 5
181.485, 818.7971, 5, 637.0328, 5, 768.75616, 5
181.633, 836.7901, 5, 607.8933, 5, 771.4649, 5
181.781, 853.358, 5, 581.17096, 5, 776.0023, 5
181.929, 868.7615, 5, 548.3255, 5, 781.1496, 5
182.077, 894.69696, 5, 516.1461, 5, 795.91376, 5
182.225, 908.396, 5, 517.69354, 5, 805.0554, 5
182.373, 909.0011, 5, 547.6565, 5, 807.37244, 5
182.520, 937.5642, 5, 592.787, 5, 832.14606, 5
182.668, 944.62866, 5, 631.78406, 5, 842.67413, 5
182.816, 932.9501, 5, 668.3141, 5, 847.23773, 5
182.963, 943.7715, 5, 715.87103, 5, 870.1379, 5
183.112, 928.3171, 5, 757.65894, 5, 878.7374, 5
183.260, 916.4115, 5, 797.81396, 5, 891.2962, 5
183.408, 906.1317, 5, 839.33997, 5, 906.1051, 5
183.556, 871.563, 5, 864.2957, 5, 903.0205, 5
183.703, 865.4891, 5, 930.57837, 5, 940.94336, 5
183.851, 812.7481, 5, 936.02716, 5, 923.22034, 5
184.073, 759.7337, 5, 995.8699, 5, 947.99225, 5
184.221, 818.859, 5, 763.9632, 5, 833.4255, 5
184.369, 812.80035, 5, 822.8556, 5, 850.98926, 5
184.517, 861.0662, 5, 868.7979, 5, 897.7536, 5
184.665, 852.65173, 5, 860.6548, 5, 889.5261, 5
184.812, 836.26306, 5, 844.8365, 5, 873.52496, 5
185.108, 670.80133, 5, 759.18567, 5, 770.7073, 5
185.256, 537.34753, 5, 913.279, 5, 857.1969, 5
185.404, 527.5555, 5, 832.3885, 5, 821.0274, 5
185.552, 644.84265, 5, 805.1354, 5, 781.6641, 5
185.700, 677.7863, 5, 782.1975, 5, 775.8378, 5
185.848, 705.7791, 5, 759.3787, 5, 771.24146, 5
185.995, 730.37067, 5, 736.3496, 5, 767.63025, 5
186.143, 672.76685, 5, 654.0142, 5, 693.4808, 5
186.291, 676.3455, 5, 653.15546, 5, 697.7083, 5
186.439, 672.66656, 5, 652.05023, 5, 695.4167, 5
186.735, 704.02606, 5, 650.9876, 5, 710.2697, 5
186.883, 727.4077, 5, 647.80646, 5, 720.985, 5
187.031, 766.04236, 5, 636.4503, 5, 737.7859, 5
187.178, 798.50665, 5, 617.0818, 5, 750.6177, 5
187.326, 837.837, 5, 587.9278, 5, 767.37396, 5
187.474, 881.99945, 5, 528.753, 5, 778.4168, 5
187.622, 888.4803, 5, 518.2929, 5, 791.70667, 5
187.770, 894.73834, 5, 522.8563, 5, 796.0061, 5
187.918, 886.8249, 5, 565.79913, 5, 794.8644, 5
188.066, 866.27826, 5, 596.7367, 5, 787.19305, 5
188.213, 882.59576, 5, 642.2801, 5, 809.0035, 5
188.361, 942.153, 5, 701.31683, 5, 864.4676, 5
188.509, 926.5647, 5, 748.99945, 5, 872.8231, 5
188.657, 931.7105, 5, 798.0248, 5, 899.9196, 5
188.805, 929.5928, 5, 855.3925, 5, 930.0627, 5
188.953, 903.6747, 5, 882.9065, 5, 936.0549, 5
189.101, 878.15576, 5, 915.8916, 5, 943.9735, 5
189.323, 827.56104, 5, 962.34845, 5, 955.62805, 5
189.470, 788.8877, 5, 981.324, 5, 957.13763, 5
189.618, 748.04474, 5, 992.0107, 5, 950.2897, 5
189.766, 703.30383, 5, 993.4468, 5, 937.6688, 5
189.914, 659.691, 5, 999, 5, 933.9064, 5
190.062, 611.0512, 5, 988.543, 5, 917.225, 5
190.358, 553.4549, 5, 745.958, 5, 720.62854, 5
190.505, 551.8721, 5, 741.7071, 5, 717.3153, 5
190.653, 547.872, 5, 713.8038, 5, 694.9585, 5
190.801, 543.9529, 5, 683.4885, 5, 670.58136, 5
190.949, 541.6623, 5, 666.353, 5, 656.64594, 5
191.097, 539.4243, 5, 659.335, 5, 651.2366, 5
191.245, 539.3151, 5, 672.6247, 5, 662.28937, 5
191.393, 539.9387, 5, 697.0203, 5, 682.5508, 5
191.541, 549.858, 5, 735.49817, 5, 712.5147, 5
191.688, 567.59955, 5, 791.76117, 5, 755.9599, 5
191.984, 585.9343, 5, 851.778, 5, 802.229, 5
192.132, 573.7635, 5, 814.1093, 5, 773.0992, 5
192.280, 714.52057, 5, 750.95966, 5, 769.5798, 5
192.428, 753.27405, 5, 721.0473, 5, 769.6926, 5
192.576, 803.2195, 5, 689.9907, 5, 780.09314, 5
192.724, 829.99243, 5, 656.375, 5, 781.94995, 5
192.871, 845.7278, 5, 620.75806, 5, 780.18317, 5
193.019, 842.7675, 5, 591.38385, 5, 771.1199, 5
193.167, 876.4752, 5, 558.1827, 5, 787.2919, 5
193.315, 890.0957, 5, 510.58615, 5, 785.7173, 5
193.463, 890.58936, 5, 524.83246, 5, 787.123, 5
193.611, 900.0227, 5, 550.06946, 5, 803.7478, 5
193.759, 920.4702, 5, 577.14233, 5, 824.68115, 5
193.907, 937.8286, 5, 614.5635, 5, 842.0642, 5
194.054, 947.6202, 5, 640.018, 5, 861.2746, 5
194.202, 952.28754, 5, 664.8271, 5, 871.9913, 5
194.350, 963.619, 5, 698.75964, 5, 894.3005, 5
194.572, 961.3522, 5, 750.0816, 5, 911.50226, 5
194.720, 951.9112, 5, 786.158, 5, 918.65796, 5
194.868, 922.1297, 5, 800.1383, 5, 909.80853, 5
195.016, 917.767, 5, 846.9317, 5, 932.39734, 5
195.163, 894.7123, 5, 857.9415, 5, 931.27386, 5
195.311, 819.9824, 5, 817.7647, 5, 864.80054, 5
195.607, 532.3445, 5, 537.77924, 5, 549.8886, 5
195.755, 531.5946, 5, 529.5712, 5, 542.36444, 5
195.903, 521.78503, 5, 516.31824, 5, 528.18604, 5
196.051, 517.5285, 5, 510.5199, 5, 522.27356, 5
196.199, 516.22687, 5, 508.1903, 5, 519.939, 5
196.346, 518.0961, 5, 508.93384, 5, 520.5365, 5
196.494, 518.8694, 5, 509.44513, 5, 521.65656, 5
196.642, 520.9585, 5, 510.78305, 5, 524.0171, 5
196.790, 523.04755, 5, 512.121, 5, 526.37756, 5
196.938, 525.1366, 5, 513.4589, 5, 528.7381, 5
197.086, 527.2257, 5, 514.7968, 5, 531.0986, 5
197.234, 529.31476, 5, 516.13477, 5, 533.45905, 5
197.382, 553.9823, 5, 536.8612, 5, 561.83386, 5
197.529, 605.82965, 5, 607.4441, 5, 636.3114, 5
197.677, 726.7637, 5, 739.7862, 5, 766.9717, 5
197.825, 856.3974, 5, 864.4961, 5, 893.3096, 5
197.973, 543.97833, 5, 799.7415, 5, 758.76556, 5
198.121, 505.1987, 5, 525.9655, 5, 528.88947, 5
198.269, 503.26437, 5, 518.46967, 5, 521.77924, 5
198.417, 504.4342, 5, 521.5022, 5, 525.0267, 5
198.565, 505.60406, 5, 524.5347, 5, 528.2742, 5
198.712, 506.7739, 5, 527.56726, 5, 531.5215, 5
198.860, 507.94373, 5, 530.5998, 5, 534.769, 5
199.008, 509.1136, 5, 533.6324, 5, 538.01636, 5
199.156, 510.28342, 5, 536.6649, 5, 541.26373, 5
199.304, 521.2195, 5, 555.4777, 5, 560.80444, 5
199.452, 579.6161, 5, 623.845, 5, 636.8946, 5
199.600, 658.0823, 5, 648.16235, 5, 686.957, 5
199.821, 789.931, 5, 621.4543, 5, 747.1693, 5
199.969, 831.19684, 5, 586.9334, 5, 762.0931, 5
200.117, 927.72577, 5, 516.79346, 5, 812.7299, 5
200.265, 886.336, 5, 532.883, 5, 791.2892, 5
200.413, 999, 5, 633.43304, 5, 878.62354, 5
200.561, 893.38403, 5, 624.6764, 5, 820.1196, 5
200.857, 819.4581, 5, 680.69696, 5, 785.1825, 5
201.004, 959.751, 5, 819.2336, 5, 925.322, 5
201.152, 936.3181, 5, 859.56213, 5, 937.5347, 5
201.300, 904.9259, 5, 886.37506, 5, 943.9359, 5
201.448, 881.34045, 5, 903.58057, 5, 945.5475, 5
201.596, 871.0115, 5, 926.86926, 5, 969.40717, 5
201.744, 834.39166, 5, 944.48456, 5, 965.668, 5
201.892, 810.994, 5, 940.83966, 5, 960.6418, 5
202.039, 722.6135, 5, 844.36127, 5, 851.45746, 5
202.187, 607.41455, 5, 774.00006, 5, 742.06464, 5
202.335, 528.9969, 5, 570.7682, 5, 576.58685, 5
202.483, 526.309, 5, 557.27423, 5, 561.9361, 5
202.631, 519.7223, 5, 535.53973, 5, 541.6781, 5
202.779, 512.92456, 5, 520.51965, 5, 525.83466, 5
202.927, 512.25964, 5, 517.311, 5, 524.6215, 5
203.075, 512.06494, 5, 512.1152, 5, 526.2256, 5
203.222, 511.87015, 5, 506.9194, 5, 527.8295, 5
203.370, 511.67538, 5, 501.72357, 5, 529.43353, 5
203.518, 511.48056, 5, 503.47223, 5, 531.03754, 5
203.666, 511.2858, 5, 508.66803, 5, 532.6414, 5
203.814, 511.09103, 5, 513.8638, 5, 534.2455, 5
203.962, 510.89627, 5, 519.05963, 5, 535.8494, 5
204.110, 510.70148, 5, 524.2555, 5, 537.4534, 5
204.258, 510.5067, 5, 529.45123, 5, 539.05743, 5
204.405, 510.3119, 5, 534.64703, 5, 540.6613, 5
204.553, 528.9192, 5, 567.09314, 5, 573.1348, 5
204.701, 624.15466, 5, 639.6681, 5, 666.6882, 5
204.923, 776.97455, 5, 625.4202, 5, 740.98535, 5
205.071, 848.129, 5, 579.5237, 5, 772.34076, 5
205.220, 877.85895, 5, 523.5835, 5, 784.8924, 5
205.367, 891.6935, 5, 528.30023, 5, 794.3419, 5
205.514, 974.155, 5, 623.14594, 5, 861.762, 5
205.662, 925.5685, 5, 622.7092, 5, 861.0578, 5
205.810, 863.1217, 5, 663.1982, 5, 803.68176, 5
206.106, 960.4059, 5, 839.9132, 5, 935.38055, 5
206.254, 909.9773, 5, 867.89734, 5, 923.98596, 5
206.402, 900.67676, 5, 893.74756, 5, 952.61664, 5
206.550, 760.35876, 5, 799.56964, 5, 819.7784, 5
206.697, 733.7378, 5, 793.3247, 5, 800.76416, 5
206.845, 574.7433, 5, 630.7204, 5, 635.2876, 5
206.993, 534.979, 5, 565.99133, 5, 570.172, 5
207.141, 517.3537, 5, 529.6451, 5, 535.8704, 5
207.289, 513.6643, 5, 521.21954, 5, 527.14496, 5
207.437, 510.90378, 5, 514.8708, 5, 521.94165, 5
207.585, 510.52744, 5, 510.32623, 5, 523.21295, 5
207.733, 510.15112, 5, 505.78168, 5, 524.48425, 5
207.880, 509.7748, 5, 501.2371, 5, 525.7555, 5
208.028, 509.39844, 5, 503.30743, 5, 527.02673, 5
208.176, 509.02213, 5, 507.85202, 5, 528.29803, 5
208.324, 508.6458, 5, 512.3966, 5, 529.5693, 5
208.473, 508.26947, 5, 516.94116, 5, 530.8405, 5
208.620, 507.8931, 5, 521.4858, 5, 532.1118, 5
208.768, 507.5168, 5, 526.03033, 5, 533.3832, 5
208.916, 517.14404, 5, 547.56085, 5, 552.36676, 5
209.063, 595.25385, 5, 629.73505, 5, 647.713, 5
209.211, 702.40015, 5, 647.36285, 5, 708.33325, 5
209.359, 774.2921, 5, 610.9102, 5, 734.115, 5
209.507, 786.55316, 5, 569.0202, 5, 730.7719, 5
209.655, 802.3579, 5, 520.09424, 5, 735.1695, 5
209.803, 783.671, 5, 516.5247, 5, 722.5622, 5
210.172, 738.30035, 5, 545.9062, 5, 694.09265, 5
210.320, 640.78723, 5, 539.36487, 5, 622.84265, 5
210.468, 575.9266, 5, 527.28735, 5, 572.2395, 5
210.616, 538.4867, 5, 517.3907, 5, 539.14307, 5
210.764, 518.33057, 5, 510.2924, 5, 522.1318, 5
210.912, 518.26575, 5, 512.30896, 5, 523.57385, 5
211.060, 518.201, 5, 514.3257, 5, 525.0159, 5
211.208, 518.13617, 5, 516.3424, 5, 526.458, 5
211.355, 518.07135, 5, 518.359, 5, 527.89996, 5
211.503, 518.00653, 5, 520.37573, 5, 529.34204, 5
211.652, 517.9417, 5, 522.3925, 5, 530.7841, 5
211.799, 517.87695, 5, 524.4092, 5, 532.22614, 5
211.947, 517.8122, 5, 526.4259, 5, 533.66815, 5
212.095, 517.7474, 5, 528.4425, 5, 535.11017, 5
212.243, 526.56995, 5, 554.8987, 5, 559.99286, 5
212.391, 528.2931, 5, 645.11163, 5, 641.4283, 5
212.538, 561.66724, 5, 772.93274, 5, 741.4206, 5
212.686, 584.50323, 5, 848.4583, 5, 799.6105, 5
212.834, 674.345, 5, 766.626, 5, 770.8088, 5
212.982, 749.6242, 5, 730.0821, 5, 772.91895, 5
213.130, 796.8331, 5, 691.0162, 5, 777.1112, 5
213.278, 823.26984, 5, 647.63995, 5, 775.0481, 5
213.426, 860.92725, 5, 614.9426, 5, 788.0335, 5
213.573, 867.3159, 5, 577.58057, 5, 784.1469, 5
213.721, 859.086, 5, 543.6842, 5, 774.1169, 5
213.869, 899.0159, 5, 504.8684, 5, 793.98425, 5
214.018, 897.75946, 5, 539.17114, 5, 793.64966, 5
214.166, 909.7952, 5, 568.2722, 5, 813.02405, 5
214.314, 917.696, 5, 589.6879, 5, 827.2759, 5
214.461, 916.66705, 5, 605.4745, 5, 836.3728, 5
214.609, 926.1248, 5, 628.2359, 5, 850.5926, 5
214.757, 942.04193, 5, 612.7102, 5, 874.4532, 5
214.905, 935.9473, 5, 621.9738, 5, 873.6188, 5
215.052, 941.51636, 5, 648.107, 5, 883.38367, 5
215.423, 946.939, 5, 804.7351, 5, 924.3934, 5
215.571, 859.2809, 5, 806.2515, 5, 865.7394, 5
215.719, 973.16003, 5, 716.548, 5, 934.4393, 5
215.866, 737.55084, 5, 741.6342, 5, 773.9771, 5
216.014, 600.17224, 5, 683.8055, 5, 673.4173, 5
216.161, 515.2178, 5, 530.1543, 5, 534.31824, 5
216.310, 512.6787, 5, 519.0223, 5, 524.7268, 5
216.605, 508.7451, 5, 509.7742, 5, 523.99506, 5
216.753, 505.5414, 5, 505.09, 5, 525.31323, 5
216.902, 502.3377, 5, 500.40582, 5, 526.6315, 5
217.049, 500.86594, 5, 504.27838, 5, 527.94965, 5
217.197, 504.06964, 5, 508.96252, 5, 529.26794, 5
217.344, 507.27332, 5, 513.6466, 5, 530.5862, 5
217.493, 510.47696, 5, 518.33093, 5, 531.9044, 5
217.641, 513.68066, 5, 523.01514, 5, 533.22266, 5
217.789, 516.88434, 5, 527.6992, 5, 534.54083, 5
217.937, 530.9374, 5, 630.9445, 5, 628.25964, 5
218.084, 557.04004, 5, 758.9804, 5, 730.65454, 5
218.231, 585.45404, 5, 849.2499, 5, 800.31915, 5
218.380, 706.5277, 5, 760.6999, 5, 772.2936, 5
218.528, 760.86475, 5, 725.02527, 5, 775.4064, 5
218.676, 806.02454, 5, 682.44073, 5, 778.4136, 5
218.824, 824.316, 5, 634.6412, 5, 771.29004, 5
218.972, 867.3186, 5, 602.87683, 5, 789.2027, 5
219.120, 869.85205, 5, 568.2334, 5, 784.2277, 5
219.268, 880.8179, 5, 529.69434, 5, 787.3632, 5
219.415, 913.6182, 5, 515.5619, 5, 803.14795, 5
219.563, 898.18134, 5, 552.3713, 5, 800.9104, 5
219.711, 899.6447, 5, 569.08075, 5, 809.80597, 5
219.859, 907.691, 5, 588.9543, 5, 825.2005, 5
220.007, 906.81116, 5, 589.51996, 5, 835.19635, 5
220.155, 920.805, 5, 579.534, 5, 853.7297, 5
220.303, 934.7366, 5, 597.3081, 5, 870.80896, 5
220.524, 947.27405, 5, 646.9328, 5, 887.6445, 5
220.672, 944.7683, 5, 730.57996, 5, 895.37634, 5
220.820, 947.9124, 5, 782.3635, 5, 916.0649, 5
220.968, 941.87555, 5, 839.6947, 5, 929.78973, 5
221.116, 788.4034, 5, 760.51807, 5, 807.8248, 5
221.264, 924.02747, 5, 935.12146, 5, 999, 5
221.412, 786.7076, 5, 928.9743, 5, 911.04767, 5
221.560, 815.8883, 5, 833.19867, 5, 886.0972, 5
221.855, 508.3727, 5, 533.5345, 5, 535.51154, 5
222.003, 511.04773, 5, 524.9509, 5, 527.7986, 5
222.151, 508.2725, 5, 516.9652, 5, 526.55646, 5
222.299, 504.89294, 5, 510.6632, 5, 528.4864, 5
222.447, 501.5135, 5, 504.36124, 5, 530.4162, 5
222.595, 501.86597, 5, 501.94077, 5, 532.346, 5
222.743, 505.24548, 5, 508.24277, 5, 534.276, 5
222.890, 508.62494, 5, 514.5447, 5, 536.2058, 5
223.038, 512.0045, 5, 520.8466, 5, 538.1357, 5
223.186, 515.3839, 5, 527.1486, 5, 540.0655, 5
223.333, 518.7634, 5, 533.4507, 5, 541.9954, 5
223.482, 531.56696, 5, 610.64343, 5, 611.36255, 5
223.630, 548.6951, 5, 731.635, 5, 709.53754, 5
223.778, 583.8623, 5, 846.5749, 5, 798.1503, 5
223.926, 539.6092, 5, 787.45624, 5, 767.9714, 5
224.073, 753.37866, 5, 726.27423, 5, 772.6592, 5
224.221, 815.939, 5, 681.7956, 5, 783.6108, 5
224.369, 824.98425, 5, 636.8055, 5, 772.44806, 5
224.517, 867.5812, 5, 603.62555, 5, 789.4959, 5
224.665, 870.51, 5, 565.8521, 5, 784.33307, 5
224.813, 868.5351, 5, 535.0653, 5, 779.6082, 5
224.961, 909.5313, 5, 518.37164, 5, 799.54193, 5
225.108, 901.90796, 5, 548.96313, 5, 803.6975, 5
225.256, 906.01715, 5, 571.93646, 5, 814.76166, 5
225.404, 904.4505, 5, 588.3396, 5, 822.53687, 5
225.552, 912.6424, 5, 583.7789, 5, 840.33075, 5
225.774, 937.70325, 5, 592.288, 5, 871.1944, 5
225.922, 934.2686, 5, 599.23157, 5, 869.97833, 5
226.070, 940.41907, 5, 693.2521, 5, 883.54565, 5
226.218, 938.8423, 5, 728.97437, 5, 891.14215, 5
226.365, 944.60315, 5, 777.3006, 5, 910.4657, 5
226.513, 942.11523, 5, 820.0785, 5, 932.25995, 5
226.661, 922.45166, 5, 867.1512, 5, 940.3479, 5
226.809, 877.13763, 5, 875.4087, 5, 915.33563, 5
226.957, 975.59607, 5, 641.92725, 5, 888.6776, 5
227.105, 796.49567, 5, 986.5974, 5, 954.8519, 5
227.253, 688.15216, 5, 870.432, 5, 838.9535, 5
227.400, 734.45593, 5, 934.09357, 5, 924.1135, 5
227.548, 521.6249, 5, 710.3988, 5, 684.9837, 5
227.696, 500.59024, 5, 525.76056, 5, 529.51874, 5
227.844, 501.4721, 5, 519.7604, 5, 522.32965, 5
227.992, 501.71402, 5, 513.88257, 5, 522.4543, 5
228.140, 501.10696, 5, 507.11902, 5, 525.816, 5
228.288, 503.92792, 5, 500.35544, 5, 529.1777, 5
228.436, 506.74893, 5, 506.40805, 5, 532.5394, 5
228.583, 509.5699, 5, 513.1715, 5, 535.9011, 5
228.731, 512.39087, 5, 519.9352, 5, 539.2628, 5
228.879, 515.21185, 5, 526.69867, 5, 542.6245, 5
229.027, 518.0329, 5, 533.4622, 5, 545.9862, 5
229.175, 520.85376, 5, 540.2257, 5, 549.3479, 5
229.323, 530.5121, 5, 578.6563, 5, 582.1186, 5
229.471, 537.9888, 5, 694.12164, 5, 680.5312, 5
229.619, 580.3109, 5, 836.31885, 5, 790.1868, 5
229.766, 649.9774, 5, 775.37115, 5, 771.7032, 5
229.914, 743.73615, 5, 738.6, 5, 774.84235, 5
230.062, 797.77277, 5, 694.4127, 5, 779.2006, 5
230.210, 819.5017, 5, 647.0212, 5, 772.5395, 5
230.358, 856.28156, 5, 615.19025, 5, 785.2442, 5
230.506, 857.17017, 5, 583.99945, 5, 778.7549, 5
230.654, 804.6889, 5, 548.6141, 5, 739.23926, 5
230.802, 817.49225, 5, 533.2829, 5, 745.9525, 5
231.023, 841.10144, 5, 503.41833, 5, 760.1464, 5
231.171, 851.44214, 5, 517.39716, 5, 767.17914, 5
231.319, 924.9634, 5, 566.78815, 5, 817.8479, 5
231.467, 951.12006, 5, 616.5398, 5, 854.12805, 5
231.615, 958.1499, 5, 645.65857, 5, 870.0583, 5
231.763, 955.88275, 5, 670.01636, 5, 877.9096, 5
231.911, 959.8173, 5, 697.1804, 5, 891.4812, 5
232.058, 952.267, 5, 719.09686, 5, 896.7591, 5
232.206, 950.37463, 5, 757.5292, 5, 907.42365, 5
232.354, 935.3242, 5, 783.2668, 5, 910.55865, 5
232.502, 934.4753, 5, 827.906, 5, 933.5465, 5
232.650, 915.11554, 5, 874.55896, 5, 942.8815, 5
232.798, 893.16406, 5, 896.535, 5, 949.1332, 5
232.946, 709.3587, 5, 737.7602, 5, 748.6572, 5
233.094, 682.67303, 5, 686.9459, 5, 716.01324, 5
233.241, 659.9826, 5, 658.4019, 5, 688.41504, 5
233.389, 648.6987, 5, 650.7356, 5, 679.85785, 5
233.537, 697.20013, 5, 710.99493, 5, 737.9635, 5
233.685, 792.3762, 5, 802.822, 5, 830.8688, 5
233.833, 516.82947, 5, 626.81226, 5, 615.23395, 5
233.981, 501.92383, 5, 533.66724, 5, 536.9262, 5
234.129, 500.6008, 5, 527.86597, 5, 535.02344, 5
234.277, 500.72226, 5, 522.0647, 5, 533.12067, 5
234.424, 502.04532, 5, 516.2635, 5, 531.218, 5
234.572, 503.36832, 5, 510.4622, 5, 529.31525, 5
234.720, 504.6914, 5, 504.6609, 5, 527.41254, 5
234.868, 506.01443, 5, 501.14035, 5, 525.50977, 5
235.016, 507.33743, 5, 506.94162, 5, 523.60706, 5
235.164, 508.66052, 5, 512.74286, 5, 521.7044, 5
235.312, 524.5859, 5, 531.87665, 5, 542.6393, 5
235.460, 561.70636, 5, 560.05945, 5, 582.8933, 5
235.607, 627.2629, 5, 595.18835, 5, 641.28815, 5
235.755, 682.01276, 5, 618.05414, 5, 682.6322, 5
235.903, 760.2653, 5, 574.4398, 5, 715.61786, 5
236.051, 806.2929, 5, 543.35815, 5, 739.94794, 5
236.273, 863.2447, 5, 530.5725, 5, 775.9792, 5
236.421, 890.5625, 5, 559.4575, 5, 813.8847, 5
236.569, 944.0869, 5, 628.34076, 5, 862.4988, 5
236.716, 632.6485, 5, 577.59283, 5, 620.4143, 5
236.864, 539.82764, 5, 524.38214, 5, 544.7522, 5
237.012, 526.7304, 5, 514.5212, 5, 530.49365, 5
237.160, 518.24304, 5, 508.82367, 5, 521.30347, 5
237.308, 518.1349, 5, 508.7608, 5, 521.22015, 5
237.456, 518.31116, 5, 505.81247, 5, 522.39056, 5
237.604, 518.5635, 5, 501.5951, 5, 524.0647, 5
237.752, 518.8157, 5, 502.62228, 5, 525.7389, 5
237.899, 519.06793, 5, 506.8396, 5, 527.413, 5
238.047, 519.3202, 5, 511.05695, 5, 529.0872, 5
238.195, 519.5724, 5, 515.27435, 5, 530.7612, 5
238.343, 519.82465, 5, 519.4917, 5, 532.4355, 5
238.491, 520.07684, 5, 523.709, 5, 534.1095, 5
238.639, 520.32904, 5, 527.9264, 5, 535.7837, 5
238.787, 617.5365, 5, 589.9685, 5, 630.2714, 5
238.934, 586.0277, 5, 502.13162, 5, 573.94916, 5
239.082, 532.5122, 5, 509.05853, 5, 533.35333, 5
239.230, 516.3506, 5, 506.74094, 5, 522.1866, 5
239.378, 512.88196, 5, 503.06635, 5, 523.60254, 5
239.526, 509.41333, 5, 500.60825, 5, 525.01855, 5
239.674, 505.9447, 5, 504.28284, 5, 526.43463, 5
239.970, 500.9926, 5, 511.632, 5, 529.2665, 5
240.117, 504.46127, 5, 515.3065, 5, 530.6825, 5
240.265, 507.92987, 5, 518.9812, 5, 532.0985, 5
240.413, 511.3985, 5, 522.6557, 5, 533.5145, 5
240.561, 514.8672, 5, 526.3304, 5, 534.93054, 5
240.709, 528.8377, 5, 578.34064, 5, 581.8894, 5
240.857, 536.74615, 5, 688.378, 5, 675.98346, 5
241.005, 537.7792, 5, 700.4819, 5, 683.82605, 5
241.153, 510.27573, 5, 514.57697, 5, 517.66644, 5
241.154, 500, 5, 500, 5, 500, 5
